chr1	832618	833196	578
chr1	2242977	2243772	795
chr1	5831048	5831651	603
chr1	6221483	6222018	535
chr1	10948327	10949174	847
chr1	10958356	10958990	634
chr1	15742460	15742995	535
chr1	18884192	18884964	772
chr1	18923713	18924400	687
chr1	19355988	19356222	234
chr1	25524679	25525583	904
chr1	26946383	26948438	2055
chr1	32399853	32401046	1193
chr1	32447050	32448044	994
chr1	47915409	47916061	652
chr1	51956128	51957374	1246
chr1	149711772	149712152	380
chr1	156577141	156578363	1222
chr1	165844500	165845201	701
chr1	181100349	181101160	811
chr1	182601757	182601964	207
chr1	203307542	203307884	342
chr1	204296544	204296773	229
chr1	204858694	204859364	670
chr1	205442193	205442558	365
chr1	205662502	205662865	363
chr1	208058464	208058721	257
chr1	229163086	229163683	597
chr1	232764491	232766959	2468
chr1	234623906	234624599	693
chr1	236267009	236267226	217
chr1	236283949	236284538	589
chr10	307032	307285	253
chr10	369392	370123	731
chr10	7480529	7481073	544
chr10	47599214	47600085	871
chr10	79151665	79151889	224
chr10	102412835	102416702	3867
chr10	120327860	120328074	214
chr10	130377693	130378265	572
chr10	131169936	131170893	957
chr10	131271385	131271869	484
chr10	132413805	132414753	948
chr10	132722466	132722670	204
chr11	267278	269856	2578
chr11	5210679	5212503	1824
chr11	44336051	44344278	8227
chr11	48781995	48782916	921
chr11	50480991	50482906	1915
chr11	50601771	50602940	1169
chr11	54892980	54894696	1716
chr11	59317253	59319577	2324
chr11	60837917	60838995	1078
chr11	65419779	65420754	975
chr11	66346480	66346842	362
chr11	78810853	78811405	552
chr11	118783624	118785829	2205
chr11	121335178	121335517	339
chr11	121336706	121337939	1233
chr12	7154720	7155431	711
chr12	34371361	34372251	890
chr12	38230393	38231563	1170
chr12	52221842	52222423	581
chr12	111298643	111298918	275
chr12	114917373	114919508	2135
chr12	114938649	114939813	1164
chr12	130498574	130499331	757
chr12	130671536	130671804	268
chr13	19031297	19032356	1059
chr13	30333058	30333291	233
chr13	51905078	51905901	823
chr13	100611326	100613979	2653
chr13	110492447	110493045	598
chr13	111176916	111177195	279
chr13	113597008	113598458	1450
chr14	74867760	74868852	1092
chr14	91960841	91962769	1928
chr14	100130913	100131539	626
chr14	103544564	103545173	609
chr14	103572122	103572509	387
chr14	106354937	106358957	4020
chr15	20398292	20398717	425
chr15	26095210	26096213	1003
chr15	26178690	26179728	1038
chr15	74621067	74621382	315
chr15	81410715	81411055	340
chr15	92638844	92639456	612
chr15	98854804	98855084	280
chr16	1120203	1120517	314
chr16	1120656	1120876	220
chr16	4666046	4666943	897
chr16	6571277	6572063	786
chr16	32077648	32077914	266
chr16	33659264	33661543	2279
chr16	46462520	46462808	288
chr16	56332069	56332388	319
chr16	57625012	57625539	527
chr16	70450708	70450923	215
chr16	78804454	78804803	349
chr16	81431711	81431966	255
chr16	81512355	81513409	1054
chr16	82432561	82434083	1522
chr16	85480944	85481693	749
chr16	85513987	85514906	919
chr16	85586709	85592068	5359
chr16	86063092	86063388	296
chr16	86331289	86331580	291
chr16	86331928	86332381	453
chr16	86364333	86364797	464
chr16	86376943	86378097	1154
chr16	86884395	86884637	242
chr16	89323083	89324104	1021
chr17	2839061	2839322	261
chr17	17684822	17686348	1526
chr17	21002067	21003393	1326
chr17	26743848	26744200	352
chr17	43296370	43296795	425
chr17	72529195	72529617	422
chr17	76879691	76880208	517
chr17	78977539	78978750	1211
chr18	2104856	2105127	271
chr18	4106443	4106722	279
chr18	8696385	8696967	582
chr18	10032400	10033220	820
chr18	13892917	13893693	776
chr18	20783298	20783924	626
chr18	35117852	35118109	257
chr18	44786561	44787383	822
chr19	246860	247854	994
chr19	494194	494574	380
chr19	660351	660706	355
chr19	722568	723157	589
chr19	863732	864143	411
chr19	1279738	1280055	317
chr19	1331539	1331763	224
chr19	2155967	2156482	515
chr19	2309747	2309972	225
chr19	2391313	2391642	329
chr19	2446102	2446860	758
chr19	3172441	3174026	1585
chr19	3174486	3175454	968
chr19	3857641	3857956	315
chr19	4296415	4296812	397
chr19	4576115	4576315	200
chr19	4977372	4977772	400
chr19	5523101	5523381	280
chr19	5974813	5975061	248
chr19	6022307	6022639	332
chr19	15403696	15404371	675
chr19	17235966	17237403	1437
chr19	18220472	18221485	1013
chr19	19475608	19475982	374
chr19	19637691	19637947	256
chr19	31830248	31831979	1731
chr19	34310624	34312108	1484
chr19	50844404	50845756	1352
chr19	50845811	50846109	298
chr19	51111210	51111873	663
chr19	51415436	51416621	1185
chr2	37641637	37641918	281
chr2	50719462	50720141	679
chr2	54935703	54936975	1272
chr2	55279406	55279955	549
chr2	69309622	69309969	347
chr2	175594163	175595279	1116
chr2	222382506	222383983	1477
chr2	231808362	231809045	683
chr2	232276542	232277439	897
chr20	23211742	23211994	252
chr20	29652190	29653357	1167
chr20	30467230	30468296	1066
chr20	36860213	36860504	291
chr20	39785681	39786261	580
chr20	47217247	47217489	242
chr20	47950480	47950829	349
chr20	50141727	50142797	1070
chr20	56749178	56749745	567
chr20	59219559	59220137	578
chr21	10711089	10715818	4729
chr21	10764626	10766410	1784
chr21	45578459	45578953	494
chr22	26462661	26463226	565
chr22	27620626	27621023	397
chr22	29871681	29871889	208
chr22	35063314	35064172	858
chr22	37078164	37078667	503
chr22	38572319	38572664	345
chr22	44422537	44423275	738
chr22	45077372	45077826	454
chr22	46366492	46368657	2165
chr3	13087394	13088322	928
chr3	32324799	32325077	278
chr3	53744253	53744487	234
chr3	71136524	71137218	694
chr3	169762682	169763281	599
chr3	185911446	185912486	1040
chr4	692996	693399	403
chr4	3287508	3288349	841
chr4	4874128	4875253	1125
chr4	89241271	89242607	1336
chr4	140236532	140237214	682
chr5	317328	317538	210
chr5	368621	369373	752
chr5	1667093	1668657	1564
chr5	2915246	2915469	223
chr5	7746097	7746666	569
chr5	7755233	7755447	214
chr5	32232431	32232912	481
chr5	32852745	32853003	258
chr5	33299870	33300779	909
chr5	34523056	34523581	525
chr5	56325739	56326400	661
chr5	77869280	77870077	797
chr5	134561913	134562157	244
chr5	138850474	138850904	430
chr5	141081144	141083037	1893
chr5	141340306	141340835	529
chr5	176538909	176539211	302
chr5	177434265	177434733	468
chr5	177434979	177435190	211
chr6	795164	795527	363
chr6	1619634	1620835	1201
chr6	3742667	3743715	1048
chr6	7156182	7156749	567
chr6	7975219	7976238	1019
chr6	13908550	13909646	1096
chr6	14664403	14664990	587
chr6	15552057	15552415	358
chr6	19327789	19328353	564
chr6	24919498	24920104	606
chr6	26066315	26066723	408
chr6	34022835	34023353	518
chr6	34131584	34131947	363
chr6	106439768	106443488	3720
chr6	134719683	134719963	280
chr6	157116194	157116756	562
chr6	159525619	159526387	768
chr6	170231749	170232143	394
chr7	403584	404146	562
chr7	1278169	1281367	3198
chr7	1294304	1295138	834
chr7	26369224	26369650	426
chr7	31121821	31122218	397
chr7	47640473	47641516	1043
chr7	61890730	61893531	2801
chr7	74178792	74181016	2224
chr7	100825556	100826099	543
chr7	149742898	149746550	3652
chr7	155764151	155764428	277
chr8	12607867	12608598	731
chr8	31107078	31107532	454
chr8	43605890	43609501	3611
chr8	141264234	141264689	455
chr8	143494344	143494717	373
chr9	2857659	2857964	305
chr9	3507877	3508904	1027
chr9	14437334	14437942	608
chr9	24479325	24480171	846
chr9	28881887	28883800	1913
chr9	32251529	32251755	226
chr9	37594608	37594840	232
chr9	45441901	45444067	2166
chr9	116285678	116286389	711
chr9	129702920	129703435	515
chr9	131960769	131961047	278
chr9	131992085	131992483	398
chr9	132175268	132176858	1590
chr9	135620249	135620906	657
chr9	136339283	136340059	776
chr9	136600235	136600858	623
chr9	136810439	136811310	871
chr9	136822007	136822657	650
chr9	136859389	136859867	478
chr9	137135697	137136055	358
chr9	137174937	137175239	302
chr9	137828320	137829664	1344
chrX	10089745	10090378	633
chrX	41117189	41117534	345
chrX	53316726	53317561	835
chrX	56790082	56791430	1348
chrX	61805838	61806808	970
chrY	6747138	6750225	3087
chrY	7249783	7255754	5971
chrY	8099466	8100359	893
chrY	8479690	8480879	1189
chrY	8666752	8667535	783
chrY	8799256	8799943	687
chrY	9955226	9960719	5493
chrY	9976200	9979459	3259
chrY	9980549	9982217	1668
chrY	9984154	9985166	1012
chrY	9999294	10003956	4662
chrY	10005496	10006419	923
chrY	10049480	10052599	3119
chrY	10053599	10057647	4048
chrY	10065830	10066647	817
chrY	10067157	10068406	1249
chrY	16656791	16659784	2993
chrY	16662395	16663973	1578
chrY	16765069	16766215	1146
chrY	19429436	19431134	1698
chrY	21122837	21125040	2203
chrY	21134827	21135650	823
chrY	21137881	21144782	6901
chrY	21388817	21395396	6579
chrY	21580614	21583068	2454
